X1	X2
-14.575755846392	22.8561486608051
14.0303132485163	1.54461327341523
-14.0764781666777	23.0083189292479
-7.11567427027406	22.3698369864959
9.26574479763164	43.0183103221571
-15.9299444478845	20.0474572313805
27.6666569085836	9.12326338932926
5.23676960890895	9.13766084499477
-7.44735865396656	-79.0295817222076
20.5380913138025	41.6843358539377
12.517618491944	29.9431987581857
22.1666133671129	39.2647968238001
23.1861393177151	15.9443362704242
14.7254058833437	10.3163458149594
22.5619096899119	3.26724518507412
-34.7805406998251	-66.2894995522799
22.0706635154889	2.35082440951836
28.8969866490779	11.8628922464809
-14.9866926927775	22.4062592808033
-43.8966133056542	-5.63885948827778
28.923518891562	12.0195170936172
-8.1558029971995	-60.7850063514245
19.2200331959196	24.5930493155669
-45.6599957684235	-5.22594900834471
25.4634578793345	14.887766964563
-5.49557349268995	-0.262193478267314
-34.7066477644695	-67.5728535149811
15.0384100842902	27.0030208092845
-9.90113303824986	3.3027649773469
27.3179838009858	5.5499094012371
5.49125330205129	15.9523527212006
0.177262261238698	21.1691285220694
16.9057136885465	-59.610701785762
50.8552695812488	-50.3147856001232
-3.82360816097133	18.7768805169276
19.8564178750476	39.9007141906482
16.158743629606	-24.1692006892271
-9.60337978395891	37.5654495375756
-12.1769283243936	-9.30394696518337
-11.558737009565	-15.2797326779298
16.9047204417139	27.2693734267709
40.2750951236367	14.7587552770068
-31.6900296491491	-62.4346656274082
8.71713413402523	23.2149380800411
25.6898955895724	17.7964904095553
-29.3758597228933	-60.2743108838317
-35.8211482688945	-65.1070177800438
13.2611934086795	-3.25224695153673
-2.83955072685293	36.9905913559381
-6.74890328530217	11.2685996857702
-43.9577139276287	-5.48087335209131
-12.0929279084715	-9.34247274416743
43.4513149849707	7.69642544871218
-32.3293933551927	-61.8858469601417
18.8474313093162	12.8748290783989
-3.81697817160968	18.7896525788112
-5.55454110104217	-0.23578831775205
-31.0244932650547	-4.1524961845214
-21.7056376210005	3.26716281892155
25.4323867067487	-1.78954664437374
8.11454021815784	10.0860979932464
-11.6569928816214	-12.15824644623
50.1026153178106	-48.664600829254
24.0374828707663	13.530676140956
39.455836526667	12.9816646331707
-23.6599062535776	0.276340553722432
10.4219718789096	-62.5969436132818
26.4815117384315	13.9683504639688
-13.6216564990628	-9.85906382572385
11.7138655104149	14.2874591003574
-11.1429742923201	-12.2156237342577
-20.6658909982833	-8.11674396608248
-16.9944129515415	19.6727737221155
10.2428741130652	24.1811519713753
-25.4211138653285	13.0866310493763
-3.3943682370675	26.8760728413131
-8.60008396610049	11.6847236612452
-9.2650092079659	-72.5731459380774
15.7288002347286	26.8959560806563
-32.547412362442	-63.087821065896
-13.7683304535435	22.4707615233659
-7.08132304050295	23.9168743744905
14.5811023246709	2.52580629603681
23.1774362617805	-1.48525959807862
-32.2901937085939	-61.8807108466257
-2.57493037904793	18.8028776785944
22.7035139202163	38.9824383106571
-47.1489504133818	-0.79116585568696
2.42309715038048	32.7837994014083
29.8981220379664	-17.273636971266
29.0763211374257	-16.6433754334031
25.336679057042	1.08687514091529
23.7422536315475	2.89317656006701
40.1804840413879	13.1996984945063
-27.3588360486172	-63.8699516957506
-41.2041478649659	4.61406391873984
-30.3418985231461	-4.00049328629294
-27.4188119735533	12.122325350822
26.8317359616211	-2.35746502263047
24.3571589453751	16.0671722991403
23.1016016037494	32.5167936516123
21.4583398233537	-1.11067266011326
-12.2132556266115	23.9187499618958
14.647343896861	14.870580051811
25.5446155911424	12.1060590979546
39.4583479555655	12.2947790659333
18.4770710644467	23.8327999968615
18.3855461457093	26.7101268295642
-9.61470494446197	-17.6207544774642
5.05684708541991	8.9813176774115
-9.55121475099367	2.42889800197117
40.6481066191483	-47.112549422407
5.99312907558604	37.0351868277653
-15.1923537529777	22.6227774816596
-3.48970630624031	20.7829293547367
-11.7018950963388	-12.1436891095769
29.3803254029208	37.5426963654379
19.1883347023944	41.6291511064842
-17.0015122647679	21.2221822082857
31.2515061490167	15.1452136413178
4.26189993419893	30.3075023696201
0.163646001383775	-74.8869470844016
14.5879713188499	11.7312748619379
-0.0841831559809734	-14.9774817121006
-11.357093470629	-69.7972850961116
12.8515292311224	30.0488337071671
-22.2488858097719	-74.1119382067335
24.3571652381774	13.3207985438245
-10.7888630742408	-70.7460292934732
-31.3232597738422	-60.5242220345219
26.4247040439501	3.18287424760754
8.57224450138549	44.3965795452447
16.4127166267304	-1.66990849832212
16.7162372074282	26.0645651955173
32.2057045485505	-3.21846727193558
27.6721151347231	7.93198156742713
-16.8681981346681	-10.51145126668
3.6139916855549	24.3042903593528
-35.9803090496632	-65.899675880526
-38.5618625285643	3.28706782348711
15.9482035578852	25.8162211296629
31.0751535057537	15.8498182294533
14.6360312369793	28.0848172227299
6.77649009667508	10.4494180669869
14.8245694669877	26.0552086766643
-9.66685219152562	3.83922378126221
24.2584570801601	39.0189257022434
-12.1801940209277	-9.29795736064502
-9.2793078846095	11.6867358674259
-14.6582163185744	22.0371084682953
23.1548186118286	16.6737418108218
9.61411425858824	31.9051540309125
-43.8771450180212	-5.63714569034113
-21.3906820499462	-75.8278074372989
-5.5058562236447	-0.243329035930624
-21.9865573861021	-8.17159945711322
-21.7502961667765	-8.17087387994513
-17.7368359034321	-8.64534695991074
9.16716438128613	-63.4571590976952
-10.2280277386127	4.63324098148141
-13.9048253594456	9.1880980197965
-46.0113200716035	-2.49779654752338
15.44628034861	40.3192379858102
26.7282321995404	-44.0138779764993
21.0233120411477	44.7849400144202
15.3059613382972	6.91959155091061
-18.9373873326579	-5.41053703865507
-30.7943773985848	1.08997128800589
15.7423124446981	10.4299211540741
-41.912398505437	2.65311790034692
-23.6175551582284	-7.6095271556769
-18.6938452940908	38.8550064523281
-12.7338226012464	25.4813420734252
12.8088097400326	27.0642753472996
33.2979709385902	-46.7147438120488
-9.34776479048076	34.8504696991076
-14.9389586471457	-2.69878133661707
8.29167099946897	57.2240447227529
1.21780988179665	1.41054916394732
28.2941186954695	-15.6673152298661
15.2986259936103	24.2581797874254
19.705654473489	44.0488657763091
5.96741127366806	-70.8233473726784
-7.92546942843556	15.3657088734673
-26.4759530782735	-8.73047332298928
5.37624398158273	-69.0541462596198
-7.16792609840901	-81.7125244541733
16.6524859268239	7.25938760743178
19.6529521108857	12.6978909520828
43.6461645328962	17.9234967724052
52.3218114302839	-50.542408943755
-11.211926007753	-8.60183006398149
25.8554288558516	-15.1019978610709
-31.2137600379926	-8.0123447479487
22.2270075059309	46.1509953003545
3.36822684463506	-19.3714866364769
-10.2852321812273	0.546738043961133
-6.94382894455397	-12.7703414869849
-4.82365433789775	-60.331042702233
8.83458169165081	47.9922273268761
7.85248178223223	-65.7083687859847
4.22298178211709	29.1095827613833
-6.79312458190824	38.4678507007134
16.9833158607464	15.7543713696778
-15.3827263674446	-4.21209204580134
4.47109831182509	-6.48251376333703
18.0964110600273	11.6281154588437
-1.68824451874329	-75.7192947976865
-16.18448588726	34.1965123074737
27.9358800474112	-45.5320455585898
9.43600389853931	-64.0976664411928
-19.4153963687579	10.9671733031074
13.5392253175938	22.3672291581182
-33.3700951663082	4.19472156070143
-22.8630728510526	30.2833791528381
25.3632266502614	-14.6108434473462
-25.3431878530422	-6.58742698865196
3.68050724565208	-18.5755756323448
-14.6709088659451	27.6497240373537
31.6463529785094	22.0245099903506
-13.2219764943563	33.0694825635491
-38.1249250751711	5.15285891052834
-14.3015159680156	25.8475692122185
4.58399517490903	49.4143472136515
16.070863361111	4.93360950839568
-23.7055067294016	-7.79445854691615
-5.1950678333227	56.9322860783449
14.4554597951756	-31.0790208215084
16.9788333330348	40.0423242891595
19.7895157140569	48.6565341541132
46.7053333462719	19.895478788103
-13.603256125494	36.2803074891204
-9.24130936782923	-80.709154786695
9.9607577871422	-61.3994832340617
-26.5492541409789	-13.0426214322454
-27.4788082661872	12.5494423623116
-13.8462517946543	27.2270177680291
17.0651437209502	1.14994474967544
-15.2423001137861	46.3300947001571
-30.8620978273117	-8.10368883868281
39.300290088537	4.9339971080604
-4.9289107560337	-15.1472197300918
-36.3417262125175	-67.5259335588758
-21.5623544675122	-1.99722678742247
45.2404087079261	12.3344256413775
3.25747168630159	-68.3513055855312
-13.9778823466703	9.559814008525
-18.6874274916542	-5.8240736917268
7.50363673808191	-64.3093200882933
4.57143464911889	-65.0453239637316
-29.0875387624818	-62.8959704687576
-25.1098400256033	10.0978763571677
-11.3236771931961	20.7711341872129
45.3838222206699	-48.7735953749776
17.006744499457	24.4490547873466
0.712331296677513	-11.6344488442261
-16.7198874411525	33.7915529406638
-16.4680929866821	-70.7832942407755
22.6354979031835	46.1804121241198
-22.3231585345737	15.6781429118755
40.5632317606607	-45.2978291167169
-25.2358401704212	9.5762590600464
24.2216189525058	23.2106595055478
12.7660588836958	-63.2230226339435
-39.2824534151723	4.89043172060148
31.4785237651943	3.23850064377565
-14.163155645457	-70.628215559804
-0.416504069749726	42.3954844849085
6.82348635359905	20.513261790947
15.6883309259529	40.3679771145297
2.32777181506999	-17.5246825963834
48.4524004549326	-48.2298470138358
26.0755570632839	-13.8073066655047
18.341834631773	40.1069505932067
-32.4140241931797	-64.6681014764917
-1.68216610089976	39.3482145710887
1.57666769171293	-12.8661818367019
-27.0695174793252	-63.4059160791136
-11.0676696510934	21.796850936786
1.93708274743537	-11.4931496344998
-20.7343190763227	-7.39967810260082
-15.8804594452752	24.0594888638139
21.4621035990312	45.122677818686
-24.5208707453004	8.9778767278022
-25.456117204517	9.80832826684868
6.76254872454062	18.2231539166024
-19.7765733488809	10.3156838256101
-44.0878511299686	-1.36308378017691
22.9003529260085	-15.0446504243547
19.7299975634665	12.793210493382
3.10086480072943	33.0071706225708
12.269016059703	28.1624998957013
5.81501323956271	-63.7184670607742
42.0850040678748	-44.1626323170538
18.3059870947496	-62.0307999478875
7.33379957554442	13.8907674988249
1.92439167907855	31.3226256668174
29.2213018082111	4.17500137895342
32.8338870421288	30.3013459609003
-9.16307997790705	3.6828033671863
-31.0411835293355	-8.1955744565612
44.4636406896135	-43.6465471064806
40.3543830180625	-52.1481626561275
-18.0772314347986	-1.62381396907457
-30.2814825761254	-59.3877729583499
-29.2051611314135	3.01277536598876
-22.5435174872374	-9.92971340975913
22.2719287875804	46.0628492993436
44.2389849306646	-47.6629870071576
-10.051008794978	-14.1004597086882
-2.87338204043601	-63.9197960073067
4.36293488043011	51.4787498018619
4.25018804349615	-5.57018080005484
22.4550731582382	44.3315186982294
-43.8650630781166	-1.08943857670223
45.0577199371422	-56.5399696448526
-18.733259306463	-1.5466807957938
-18.6752742800882	-6.02125961191227
19.8584695869132	7.05052180974751
-23.7390410258125	-15.0944185608135
27.201286490877	-44.4592518214484
44.8491728042498	-46.2141884235758
15.4687987424052	-62.968540476179
-20.5227874775813	10.137994153194
-11.8671686095161	11.5344075469462
2.80187929394544	-19.934910786044
-0.969883260405067	40.8518723693374
-10.5912505349974	14.7457121066019
15.0068166505545	-63.8470782210535
30.3963162050396	-46.3069489036563
28.9820110016658	-48.5445205018835
-26.6126645692826	8.40669383111819
15.1139083653027	12.4477112585518
31.2870502328914	12.6572444644995
-15.3562337229857	-4.22056234134703
24.1696306927912	48.5053127686168
-14.0290773859889	12.8072481259846
-24.4575148563993	14.9692819379788
15.6542332906585	-61.8083449685993
-22.0427733506164	-77.2356373885744
7.56633006407856	8.37133042937527
-42.1232672004926	2.39976059695024
-17.9920112345907	47.9787654486875
-1.83697279899561	45.2393548899783
-16.298999184297	32.2267513896677
-23.1367632870556	29.4586429285394
52.8865685274967	-52.2741894634712
-5.84763074536923	-63.2768016635582
-7.58464310796038	1.1275185807675
-0.705771068252231	46.1410510497397
-17.5176325309607	27.5246442040022
-15.5231028776561	34.815381634184
23.4321176820681	-11.8797470647992
-26.5332909373061	2.92269483705011
0.595096391213272	48.4276302077658
51.7210687836537	-49.2371288324528
-11.7509192409614	1.1072032070148
-41.5224037480299	-6.31291063021044
-22.1714115312373	-72.6554829304609
-20.5816113176157	-5.644231022383
9.82110983522414	-69.5401279278281
-13.277292453447	35.9556682602299
-6.2343362692567	0.968826535571738
-16.8238856977953	35.1080622480199
-19.2281197410965	-75.9979537396341
-23.4819027474648	-67.1666124355839
-18.363860825729	13.3509738152012
3.35999994195253	47.8224758790449
46.3319263846309	-54.7500834166149
17.3101923492763	-61.6811462509005
25.0581109754746	27.2985970364318
-16.1280904492248	34.8110393760248
-45.0237705416207	1.49855910127442
-18.5324657033059	42.300748689193
24.9534696975628	-15.6558101946391
-6.98944141412905	-7.0839963311095
-0.892343673701205	10.4677581373112
45.3699564414624	16.9738935648178
-22.01193497147	29.396207113929
-25.2468982773069	-6.50651740322802
9.39307942250647	-68.2450445570847
13.5613875674644	34.2012422341578
1.61332335062716	-10.1307553252913
25.058940262292	48.4359928718928
2.75639373181803	-18.9683320396322
-25.586367943422	10.9449246700947
-27.4626900747163	-8.93218778076362
22.8846877188763	-3.99715607582941
10.5138416875267	-4.81857828752937
-12.2114656850638	19.2856890758589
-5.02353345437744	-73.5572230253408
-1.30953486930987	10.8507875275321
-13.7730358749033	12.6110704556747
47.783372936022	-49.3580233664019
-23.7372910387049	15.8757777094505
-9.22522225653035	35.9568620115456
23.6386243597512	-14.4625641234451
-26.8152654728376	-2.82127523682601
-30.054008880223	-62.6519861467782
41.9139900186944	-53.4456939915689
46.0530839292864	-47.4958800028938
7.9329388276341	48.0971667096871
-10.6719715074793	-18.0069559248636
29.0575556928205	17.0527223631388
8.71216457742105	-24.4070358666659
5.82916086332117	-7.51779946888623
11.3367983734091	-64.4695701499511
8.33191083820932	-67.5777967309483
-21.7430444618348	-10.0842621658704
-16.6252448005122	34.6009940005533
-23.666680981836	-70.995875436267
-2.85436912959787	44.5178232445113
31.506507254781	12.3239518833254
37.0436012708672	0.721891437800529
32.661857126416	-49.3274339090279
-11.1837467046066	12.0005670477878
-30.14401463017	-8.34300425150749
-11.3588339641606	9.91035841913662
-18.3997742364262	13.3653606936562
38.5343849408674	22.8547607352291
-20.0453640764721	30.1803260733065
27.0484267515276	-5.14873374180844
-29.8475021044322	-8.63831219053231
48.5814391045509	-54.052283895612
-20.3730953967635	10.0356623316869
-25.9582343660208	-6.1054047094086
15.8522822543596	15.8730471144531
50.9752202402917	-54.2873123601383
-5.08752247110661	-63.8377851825441
-16.6755877035913	31.9240160087727
18.678669326102	-60.5805650893692
-15.2135793005925	36.6339188293369
23.0521197643107	-13.5845303860484
-0.0832494518093814	20.7866504935045
-20.6267420728871	-74.7513868854116
-10.923901636718	3.25624131077444
46.2258758071255	-52.9694963829989
8.73281671102019	-5.2691576259749
-10.9795028151762	34.9161194505663
-46.5778704067689	-1.11260626742788
-30.2096055900691	-60.0263901248145
-15.4716139765525	33.1269294762799
29.4276601286128	-45.8632942674162
-25.4454964565653	-7.7328296087461
40.0272607833169	26.7170762527369
-20.547475725976	-5.07145096155852
0.190055042988959	-10.2865223616633
34.0133044283326	-51.0988994049315
53.0831865533935	-46.5495690835922
-24.9279501653397	15.9625728783347
-20.3265532241649	-3.94138906648229
7.87103600346923	46.4083193474827
-26.2692447907039	-64.8263885936603
31.6369379585453	12.1496091987736
-30.2667930289837	-61.2935024770274
-26.6870243491075	-13.9571853373608
-2.90953282376837	49.2146737811127
47.6530557156643	-54.9684129064329
49.5451664331738	-52.5494297800567
-5.88255781073378	20.0661891260361
-10.7221794649293	10.6123091637709
30.8790632300838	-45.7515247747082
47.8113175662171	-52.8150127825038
-30.6526424293817	-64.1827546780477
-26.8330422393306	-2.78286396231813
-20.4697949411557	-76.9698554457158
-0.756380106338337	9.56607075230306
-16.0525814294651	34.939529761611
-23.5090121175799	-72.6315536684254
-17.8269892873075	30.1123684783653
-3.00875787329678	45.6594615387058
-32.4147849766857	-4.8312842986787
-2.8427787174828	48.1366869601933
-25.2224433584452	11.7100611992418
17.5593499385927	-23.9012439984078
42.0269699268397	-43.2246005012987
-1.86934859585493	-72.2021189958332
46.7833208526278	-51.6084751205435
29.3377071572702	29.0696009016337
-29.4792051211373	-8.5608375765496
50.5462385964062	-60.2457826841598
-26.2853803755972	-14.6184261860612
-9.98688101197576	36.2964768149592
29.1734162187004	17.4035287980387
-20.5967586955971	-3.84468287460434
-3.23985357471066	44.9736667789815
-12.9525253899413	14.1780380943831
5.11131909405037	9.05766653333771
27.2932047079955	-4.40564746928382
28.8204315773532	17.5815853169609
8.93129577121566	-66.4465625708335
25.524032261962	40.5343751046674
-41.5200173221333	-6.31647324165618
13.747740785006	47.503538966259
-13.5882548242582	35.1418239201179
-8.46484437162618	28.6319334909262
4.99335867141258	24.1730158708738
-22.2152013461173	-2.81901552843858
6.55674258943002	-6.60998456320572
49.9685273562783	-55.4614757570478
-15.2864346750817	35.3456933515042
43.6372647024832	-50.8447325426866
-23.6789748028481	-9.30091773144706
-30.5704942998974	-8.14134041983614
-4.76505805932623	-9.11768268023958
5.12351582385731	-66.3159908784475
18.0169645133911	-69.2669005442365
2.07207122291098	-22.6341931276147
-32.274114598944	2.2691594084944
49.5921419536103	-53.692296599784
-30.9574528945988	-63.1532034113704
-26.4730105547523	-10.2993324419573
-14.8069108321389	-74.8806675604538
-24.3674955700649	-11.992558810105
-16.768532738935	31.0582787295989
-22.2273967644661	-64.585301363108
-14.2026908983805	35.5904746537626
-24.6861586679261	-73.9166030263102
31.0977645100136	-46.1193493071518
-10.4499001652192	0.490045389323655
-4.36556799336335	47.3136467919328
4.5431591029172	16.0334276621989
-30.2166545311817	-60.052452692748
-20.351513729161	-69.9398794003949
47.834487283236	-50.3333447260256
-1.83271585793298	46.1079164652157
9.33840075614548	44.0662619989054
-15.1846167800645	31.9019197479782
-25.5888892966071	15.2899522545544
24.8171830270124	-14.7180504375129
-21.0181549710612	-72.9484307430034
-16.1604886870205	34.7962896673188
-42.8112967773764	1.86596458305999
-11.4681409294201	1.40047081445895
14.3728651921126	-64.7803589027303
30.6320747520683	-46.813137741273
6.62658489738482	-66.6298950391685
19.3046475597182	14.8171203542909
-19.2572270198955	-77.2404539824799
-23.9718151620069	10.5588312559258
30.1344633493975	2.31236685539149
5.49258448575915	10.0656551658029
-18.2950040377615	32.7602535133363
-17.7028762504128	32.7521976819724
-45.0592343198614	1.52365291415303
51.2064349555129	-52.906127348233
-4.06901815741782	18.0139816923244
33.0259790307566	3.70796508497358
-17.3884470375369	-77.2244248333281
-45.4790334251552	-1.1159047906787
-2.30400276854213	-14.3803000726203
-10.2164039634617	12.3542096553825
-5.33909395078862	47.7466832568872
-17.4385358835314	-79.3383089303557
47.3359027342787	17.7686889841334
16.2951155707476	8.40867958249613
-20.5821323437001	10.207541753899
-6.06870246189481	-62.3411739335311
2.08411813862854	-18.4716350743493
25.5478268998392	-16.0899301357789
-30.1613084753237	-60.1015786464823
-45.0721616937153	1.52542960090359
8.77449935681453	-14.9793435712779
38.7998982012592	25.8754637743586
47.1292378237208	-53.7846780273329
-23.1685035583788	15.0172751592452
43.1126614475272	-44.2742991593898
-23.8508905529592	15.3206875008959
-24.4109458659308	-14.5143822520896
-25.6666593126407	8.82471877468207
-9.04611283581738	-18.8292678549846
28.4935920898754	14.3023334288717
18.8219716199546	17.8616545363856
15.6870971178605	9.21841731207544
9.2728623127082	7.19623608037534
-17.1599600499782	29.100901611518
10.0583919597891	-14.0658054505056
-17.1391130719018	-2.3671405364638
23.3375480033025	9.20552583468723
-9.77696003079334	-7.0782792249699
-20.3886170486251	-10.8272139869642
34.0268458661827	13.7572007369828
-4.42643419993893	33.0282995290581
13.8645490330713	-65.6701755325166
-10.7921074358018	-5.87214306694639
16.2592458758898	-66.3414527398479
-7.40566090157816	33.1637322725735
0.345684545387797	-5.56951277064615
15.7838673018885	-64.6219520844528
-12.406570712443	35.1604459658363
-24.310048069364	-77.1642607800056
-10.8035702996141	-5.85313460689356
-5.64509217928583	-0.202916363172284
-26.7173791846722	14.7863390654131
-19.9304786420575	-2.40146714025549
-11.3015563061644	27.4632606298876
27.7784959026493	15.7324191105711
-12.9154788839205	-16.3928512014763
33.4612131932387	14.3594815443642
-10.0977869089222	30.5692783791759
-20.9495515627305	-71.2372680870183
15.7028556662507	31.8221622566844
-40.8343517414272	4.48360697194869
-22.1697081186687	3.97414655143638
36.4728461279395	27.6697203421247
-40.3881059113695	-4.92938685908071
-22.1179808573613	-14.6634517428554
27.7583012811905	-44.2613345977926
15.0299668929409	14.3790142861652
10.0573796790326	-14.062965759961
26.0244027921771	42.3899338164556
15.6591448021184	9.12555167002174
27.9421099195294	-44.5056934883875
19.7658037078261	11.1263151277586
11.3393314368213	35.675706988499
-11.9787044993847	34.8391369759019
-16.9191180833239	-12.0581327588402
-7.96648716873703	-6.63742477233355
10.0613422702021	-14.0697913211146
6.58094295796186	17.5072630766957
48.2814808955059	-51.65372168525
-29.7934625303911	-67.4363810726057
-21.392537584591	-14.9671287146065
47.5958168142992	-57.3500931222265
-8.94484771639062	30.5319775146737
7.97058775020409	22.0316999057445
-44.4986312053735	1.05538541424356
12.7758314609576	34.3188369573398
-22.1114843473571	-11.9136846056663
-18.6479536880135	-69.5201761080294
-12.7764021106754	-16.3279102755265
16.0216321175921	31.5831832200048
-21.3811303389313	-10.1654940015341
-10.803059093725	-5.85096306020392
-38.7182778236186	-1.97355483783731
38.4903033646664	24.3478493939616
27.8361197043114	-44.3019963800675
-23.3858300951545	5.61139875750475
11.2972204383378	54.6364391613499
-7.71232017004225	11.4331857362644
-8.98590335760543	-18.8336032507137
-14.0852815255592	34.6218684870431
-6.16316052030625	33.9250035499693
-36.5149866219943	2.02882789555958
3.72962657697071	12.4575538211113
-24.4628731788886	-1.14664387774171
-15.9135520346388	-68.9503176422769
9.37015305284784	6.84209322347622
-18.4957935621652	1.87801690761478
33.5011113333113	13.2074620825442
2.08267736901484	38.5456848380187
-32.7331889519555	-6.42419515093872
-19.5008151481193	-74.4865673790576
-9.84990127266526	13.2845418078226
-5.63135620921703	-0.215657787395826
-29.8509663739059	-10.6525013556295
-30.276323011676	-59.4427598369855
-44.6778150173825	1.28691933075941
15.376869845252	31.9817184333341
28.5757960768428	15.3099964853769
-10.7764338153736	30.9795554058837
15.6662699912931	9.25408985007025
20.7367506081696	-2.33625807324056
16.1350591668962	31.5199734406873
-14.8988570720416	-81.3248377094032
-10.6648796316394	-16.565002595399
-0.816707113300151	34.5255916845873
-6.00124426046149	32.9758444746338
-38.9810912707638	3.21112988587291
-12.8812651364369	-16.3734602457999
14.5983224685095	8.727128030492
-24.2473161720716	13.7616236768012
-10.4278597199877	32.1124367110255
-6.537888230306	34.8748207245393
30.6839436594608	-45.0415288698513
20.8165533647696	26.0327243148091
23.3614808758432	9.05094150641078
-8.99633489259327	-18.9408423996266
-9.57258353253809	33.1068045630936
3.72392624078191	12.4261162599188
18.3650434143727	-66.1707577543391
-8.79311847171454	32.6433634764883
-16.9204322210012	-12.0496974015867
-8.71398996323194	33.3550016315698
16.2209375387719	31.4560335054849
-18.5186838970731	-3.17382746693428
-44.5742067278799	0.719372482314913
-7.38360587358066	29.4445122523427
-25.3020397214522	0.364835623025388
-18.4677009163729	-3.15965659158617
-12.9553510078967	-16.3820269375531
20.1387038991692	-2.49252720637732
-16.5986550563151	18.3140575326107
-42.5189550410231	-6.72378845316079
-24.470658686933	-1.12810478970624
-25.9306146959926	-15.0876826305297
10.4029399686532	42.9030383760882
-38.6731224554444	-2.19963948314233
19.3510216594276	11.5012071032158
32.7139611199859	32.3766685915948
-17.7698008655817	-2.58911793828079
13.9326974872878	16.1373133608855
19.3192098201033	11.5820047764422
-9.03364643082565	13.5995705671754
-27.7303945401447	-63.636949287444
14.1922316598488	34.0119021791288
-24.9157211960204	-15.5950761187056
-39.166414311151	-0.618315145713626
14.2727894632369	-67.7263569855709
-44.649066728635	0.610379292471334
-24.8369254040689	0.185223225928665
11.4187929017823	34.8960263453638
-8.03897575484274	-6.62871696334466
-42.4333987857403	-6.95907744389866
-11.4091825999718	-16.7935302744792
3.74698614157386	12.6243991093658
-10.6012589997352	12.6076923999871
1.86823943527149	-19.5755909987976
-24.2738512668579	13.3622079623252
15.5482935888578	35.1852211943782
-44.6866814920165	1.29424510482225
-24.5330278431963	0.425119579892919
-4.6619510912544	37.3346476256501
31.6340671272554	-45.3727257860258
6.1759790382121	18.0410711174118
20.8753092437757	25.9952786601162
-10.6822051225745	28.2050430825214
-4.33569721658326	38.1280384849798
-44.9059521911819	-1.16522379586123
23.270940222671	9.28573207056342
-24.8159569330528	0.549710431700227
15.5145145260732	9.05805412931055
-22.9698244453537	-75.4649140271653
-38.9779557075371	-1.21611706489724
38.0298225814396	24.9668755085561
-7.83564195202826	11.5393936658604
-25.271619701326	14.1946815432868
-21.1165884801711	-15.146398430328
-34.9599323806183	-66.7786489323399
-17.911167908999	-2.76769688747437
-10.3158160269849	29.8970567002138
35.4373132667311	28.5477025322648
-9.06566824962066	29.9312828694614
15.7814240884852	35.072907036114
3.19810070785816	20.9394982087552
-30.594967361312	-5.42761581884213
-35.0618055073028	-66.4307757158809
-15.9653706379181	17.8903043746888
-1.12716023441354	37.1883700455608
19.2697691944989	11.598590821953
10.3516969265259	11.3122743925242
-5.72031203887209	-0.177259266034145
23.2590750875405	10.3957672989963
-30.5558698415892	-67.2283911543766
-30.1402157546864	-67.4479547778947
9.29606412716169	7.19667311777484
9.43423515660058	6.56315717346204
-9.58004639953687	31.142192660282
-11.4330012061071	29.8360952363615
20.855192900314	25.9259542068627
9.99628342920089	46.6539189263032
-41.8725318665212	-6.40710879467469
-5.67512616208145	-0.15340184034758
-0.972210371866733	21.8271858107062
-14.5629004800513	-0.268650040382297
-9.8840932877142	29.8793688702995
-3.09379698568033	19.4494916980225
15.9399657607198	31.5735775899234
-5.77394080548827	-64.5908527976343
5.58111166654376	27.1543540406383
-29.3810688635407	-8.0474338900714
-42.0350578825486	2.08926200434924
-12.4346527564607	10.587595113364
-19.6779906755682	5.73671169808736
-25.6461380154119	-6.06754327140716
-23.4629135088803	8.12897767116467
27.3809182827991	-43.6430947774195
3.54937880333134	45.9062536064384
5.39116331140121	44.315765611645
-8.54047774844542	47.0434512037453
-21.7691640825938	27.0269209981385
-29.5138490480068	-61.6335785795599
-24.8345554106122	1.42647189675786
-3.61019159352646	-72.0111887426581
-6.89549124683544	-70.1914361583943
-16.0357348705976	27.1724390831839
-36.649357960769	4.77914860808142
23.5664066547304	21.110906865111
-45.4831110549918	-4.71269706678051
46.3544785987515	-56.1976364380934
-20.8614810659491	18.1893764118527
-29.2095680505405	-62.9976597375004
27.6013584449197	44.8447084810498
-21.6246728634561	-3.46816549831452
32.0667624959363	18.3932407681782
18.5977740392293	7.76773731844199
-12.2778139019416	36.0518356823409
-22.6396329069996	-70.9377395531798
9.34651085123121	49.991572954185
-9.13933620959289	-13.7902652430848
-12.0668176495254	43.7478940912203
34.5651131400528	21.5429177361868
5.77819293600734	48.1845917235185
41.6401009231961	-57.0096105239884
-4.51813137404829	-67.2359849160086
-27.3958683598219	-63.7644943202125
-25.7887198408632	-14.7501868826969
-19.1769468950275	28.4211424113472
-26.2392034028143	4.50460045352499
20.6397184148579	5.38708222070108
-40.2512103748883	5.69054849491473
-7.63426652979142	52.4591639372375
-19.1358535643732	22.5339904538311
27.0237716226354	-7.39641391674605
29.8345894119703	30.4567161503749
0.617248502428458	-67.168797733594
-12.5902305560987	11.8054116887697
-14.3399313182603	36.9375097210231
-4.37190193720835	14.1454972417802
4.14915440730257	17.6972799711303
9.41638278749875	39.5008339077448
-23.5448666831063	10.0447989792951
-14.3619758779415	10.2844582884563
30.8026402317751	-47.459937224027
-9.41017562095243	19.6440725897639
-29.9184010278614	1.09825597578156
26.5674771336569	-6.60075440737372
-7.08051931061348	-10.9524684563156
-28.1721035064335	-63.158989320818
37.0840777062337	-47.493112611124
-30.2688160890884	-63.4148588171272
42.7174924428673	20.5330409544633
51.2022241139107	-51.6691242898881
42.3549153575288	15.7955540462685
-1.672980990662	13.8952684863657
-22.5590040587766	18.779040075137
-9.86433980915194	10.7533558128406
-23.4349558725558	16.4204317148855
-40.2562976203684	5.71484278287034
-33.5343338343656	4.90383820279732
48.9344238493767	-59.7673869678479
-27.0955588572139	2.29734894823949
-38.9868871581233	2.36432433189908
-1.49833408874903	43.6423211855992
-40.6230536505699	4.06302692899068
-19.3255258460253	34.346114495663
-1.76454473524475	41.8692872206442
4.79101813616555	47.9576626449267
2.52635304096565	50.791035671016
4.66279716342695	46.7974680605113
12.9009690758166	13.3445804898827
45.6350578413392	-57.9886730304684
10.1702178107377	34.6801268394519
7.78892702644797	52.9920591923239
37.2471496729682	-51.3639210070754
-20.672470889104	20.628171119753
20.3190364617062	17.7467077323835
-25.0236258785254	-15.1578734633908
-17.6009898952243	44.3692838976169
18.1897621488092	-3.41186499289965
34.2482187413432	33.1865378450304
-39.30646186686	3.65776900352475
26.2758464941244	-9.29935568850973
1.85081301512398	41.307774669265
42.8383702437664	22.1821875649472
-24.521236624505	7.83938498066531
19.3660667881481	-62.7374807069127
-21.7301738751618	-13.0640382838643
6.88912816450329	48.165430181292
-38.7306136219055	3.88861144004754
-17.5015170290489	-11.1015603865782
42.367773413333	-51.9680565994819
6.3010990701875	11.2091111451215
-6.71855581148534	-62.9982066862047
-25.9665175143797	-13.7959792115109
0.881132939910382	18.7917651429213
-7.63897878041585	-73.3846481330484
0.699266102561424	50.2740249163464
-41.4762680223617	-0.684645098719754
6.12625915070488	11.7312233232463
16.0394491163616	16.7763059697823
-28.0697410254714	-64.0220618131331
-2.93625437085414	-73.6336388449395
-4.20690111261086	43.4175994329637
-28.9569221274432	1.63124952657327
-20.9832081351329	9.43487036125404
-8.30023538598269	41.3779186100682
8.34470094386986	20.376605188452
11.7297461122667	50.5590156915932
-22.6877976146298	22.0318221773809
-33.6646660771135	4.7560986594609
-29.3308034727562	-10.5568455082118
-23.6452058855484	9.90084484280997
-9.9970414794227	44.6226058269862
29.6153630766207	40.8550718405259
-5.25096650969631	45.7592402869471
-32.2922140554168	-5.20417114044492
-6.27139248661511	-66.6091337915758
-29.5250495291534	-9.95842585581028
-28.362276642557	-5.90953725416929
-2.54619070195549	-70.9631876049763
13.5764785614578	-1.44279062302387
-16.6859859280016	-6.64049568952751
15.8419136508351	15.2011631343301
-9.95657119154284	17.9491130197877
39.0980218366316	16.2868201626047
14.6132724084613	41.9729465049269
23.5113862039828	-4.9181921637773
-14.2240714296153	11.8129063762364
-26.6473648276201	-7.67119210684789
26.4865587730012	-7.50136802158487
-10.7126014386912	3.41808881174663
-27.3293566771753	-64.0377678265494
3.03799119092289	-65.6062578873401
35.7979267898261	35.499656990005
41.7703231434547	14.3208482909183
14.2659030409801	-16.0536613373745
-21.1053389572625	21.9862741777103
-26.1896366920448	-14.58121494493
28.4309007818564	-10.0264466831905
-29.5012095071491	-9.70178930051375
37.7515937317595	14.9586107900971
-6.99772340719872	26.0733204385766
-4.09947333364678	53.4302998240561
-18.6193835585768	31.642591065229
-32.7871505632879	5.12860603205389
-22.3554608234508	-10.5913931749419
-6.71911181074481	-11.6881019179385
-23.9053610038039	-14.0083100491717
8.65177128842409	53.997725614757
-23.2337326241838	25.8174202781925
-7.4355184139129	-64.8253987980171
-6.84623109493957	-71.4224922275259
-6.63097875391018	43.7189285882657
28.1718237889119	-43.0162090298813
39.631998068831	8.90509360108358
-10.7023971914677	2.14108970023685
26.544925625305	-17.3138088184488
37.2060825106858	18.4297242710099
28.64502077654	31.5078466285448
-20.3660564116961	10.0776276284265
-21.4374566045113	16.2431038069915
-8.82154874307897	18.288165255032
40.1487272543525	21.3437047204517
-26.8198335707432	4.11791600443904
42.4765324262152	-45.2730360047396
43.4421967583902	-55.8537699453603
-9.50575711106394	-71.2933395414519
52.4827530792759	-54.0498854121388
-12.0703088690857	40.9640161520918
53.2735100844068	-58.6161556471721
-0.449593629945556	43.8766304139418
-9.42654106299129	-63.670513490248
18.0350516464446	-4.5148077756709
-7.28315776799106	53.761843618051
15.7344910203937	-58.5117917997378
-26.1887894477314	-13.1834938968887
27.5262847211011	-8.35758397647453
-30.9696979965331	-63.4409629012726
9.91120824492012	0.50748201632271
-27.2301358298249	-15.8647770886224
-20.1346875353812	-11.7166494075567
1.65001575018116	23.1507719723065
-18.3550085608021	37.8197578449356
14.0746081863589	13.1671601875689
6.98266145644017	27.4899968875403
17.4546781843961	16.299143413025
26.3803509996765	-8.46753280053873
-2.3401549136071	51.1435113121819
45.4611991511253	-45.1421488622027
-20.2918367133573	28.8174950009215
4.0441514833159	45.1078897848521
28.7014788450332	-7.47699514763471
-20.3367482327297	10.0988793122798
28.317248557212	36.2832238936155
-20.2354669049097	22.5572418438738
-18.1585231701463	-13.3948317294451
11.7150551552048	-63.0463149161734
-9.63540936820174	-69.9841473227183
-8.09486492090915	49.1377135586276
4.74672651369385	22.8109907780164
-17.9732130497681	33.6487250767275
-10.1125443568132	42.6933668405302
-2.34210930368058	43.0970835692426
-36.2227555940734	-1.17874713068395
-32.5351295911893	2.59681217388983
-11.5479678436215	42.3445430673905
13.8507306911862	-63.3558243983228
-34.7790223231353	-65.4899793574391
1.94520403354901	40.2527368825339
-15.5804172794474	40.9760444333389
5.71943334950556	10.1774751960657
-1.16814035506147	-73.6180350202812
-39.9329663499128	3.38680909524263
6.77179653189251	16.6799851606249
-12.99740146736	15.1163281418944
6.18396437417136	46.5143717951675
46.9891386986471	-45.6657729561081
-40.5141093892855	1.4078387107241
-4.2704623085447	-75.2278726528589
7.01222706951446	12.1058629065609
19.4499551676329	22.550190422803
-20.5823094722671	-79.022440070723
3.94581477841171	-21.0630421509197
-23.8894670394319	-5.05942590348997
35.2995917685463	3.54650000279631
33.3772978959332	28.5645754998595
-19.701855205296	-11.6544439114469
43.9645143404074	-61.8740772239046
-6.9463033058055	9.73455003964778
-19.0122528567383	1.54799405743071
33.7985725058972	36.6797174709605
-28.9915901950153	-10.9550602649484
-26.1705889965887	2.16167192735017
2.59986175706083	46.382426482945
45.1277211888903	-52.6438379313576
-14.5988517297608	42.5347462261441
3.58572625436886	48.8190777579816
6.17112099060035	34.9580611823729
31.9777818649824	4.38792619185458
-15.2549157015163	26.426099727064
-3.64380308609276	-18.1110526917078
-29.4219701881357	3.08276009104331
-12.7464091348554	10.126397934769
-31.6125639167657	1.4472273322273
11.0327928649487	30.9216755149387
1.2383207861905	-64.3276027240432
40.4443908369654	18.4214720807495
42.5458538543515	-46.6074424446785
26.8150037708032	-14.487777252855
1.09674927252595	44.237791749625
-20.0497809109042	-0.578371987565398
-25.2451017393885	-7.01032382552721
21.8323820329665	-6.15238422282938
-38.9406531142395	4.96401848720896
-11.1016765113047	49.6940180712709
24.175568440012	25.3438227618442
31.4565529815106	-46.2214971294413
0.285490954268374	-70.9591052538897
4.33758873346462	-17.1056027217385
10.1392701757512	27.7576489945385
29.8358162581653	-47.4885515128608
-25.5348267381942	1.39802679288128
-4.99825042547768	46.6079899502555
16.6891848367353	18.3029162007298
-27.9787557401094	2.63227191097195
-8.20189310546803	-8.97073389339519
40.6055983150942	25.2000567394181
57.8016722411357	-49.859946772243
3.62282837649452	49.9551233356002
-14.0687132389574	38.9303545938119
12.3289205277484	52.1822813767145
36.4243137471602	20.5587314179832
-17.5112394597816	41.9755735867827
-3.14120976612902	41.7092253790424
14.8027239789553	-62.3889236083397
9.45513727319228	41.1087693076132
-30.6541872009697	1.03400106318575
-6.1507583503465	45.9744116363287
-8.73608362818387	-16.3055610443862
-23.4564929790708	11.7214548973504
13.4430736328464	41.0338785773718
-14.3915475947361	38.5705335895514
7.93735644450612	49.7016800414198
40.2825984444338	-53.9891911393086
-35.0754057268353	1.69905225068795
-22.9329790536834	28.153564645429
13.8748127109539	-16.3239854443047
13.4513626312767	49.3678294624132
-32.8606340431099	2.98193718454173
4.50581571841465	18.1146376566349
39.8129610294359	17.2635712137593
-9.40125826642489	47.4920945469713
5.42473724188058	50.6308546541407
3.32988996061554	22.0516062161156
-25.6874578658912	3.56855688469222
10.3222824840761	-65.463759069665
-25.2751991729973	-10.6757752673576
-18.3625170985569	15.8682006063315
2.08249212048012	-14.6205675772675
-28.1504359678475	-6.53916916364535
34.2384436096551	4.52488843930788
-3.83685789945756	-24.4725603588359
11.3039297903203	37.3785879711808
-10.3445644021896	43.710078628351
-27.9351658347619	14.0053933046282
-18.1438703240329	-71.7827739241809
-18.6982874177244	33.0008937769996
-32.760231942356	2.75362181483527
-30.7258239307467	1.14151290404002
15.5375890844029	14.7031503482133
-23.3824644625307	17.0926324288491
-15.9390580426133	39.7916798460415
-20.0632019047224	15.8760593243686
39.3030891975497	6.96277568424953
49.9761226932661	-44.7146218466762
-21.2059213114477	26.9250273126599
-27.3665070154069	-13.8409736562452
-12.8748329937658	36.8869637095563
-6.29552096896741	41.2579885507023
-8.15721543908528	-71.606461045444
13.2345855660946	42.2506580412723
7.89475740906473	24.3854997346777
-37.0322106721117	-0.189877325950671
25.3320228578687	29.2045102370602
5.59974488845399	17.4268047149892
-23.5083816197518	-11.9760927537035
18.726134125392	19.7511141806527
-17.9504582711333	-64.5181770906203
42.9573284188399	23.67241946572
-39.0684085132405	-0.141475674915755
-21.4912717846563	17.8650418564854
-19.5176590587967	26.6954281622858
-19.0511808800574	10.6706499015057
-26.4208591158528	-6.96566629945846
41.4680112693926	22.2167408150136
-16.662299669792	13.102838807512
-5.53477586183742	44.0909786097266
-19.4275963984029	-71.2114494540081
-15.8980063381556	37.3859951069985
-6.09879470142464	1.2364621961971
26.6480345886343	27.5544873453987
-15.3802165791577	-71.7264632934525
13.2172093944645	35.3339141325055
-37.3094070906144	1.82781986876199
14.435833548278	21.4384171838398
-6.47154899048129	28.8751474948251
-8.83987723756404	10.496453384436
37.9396446081414	-50.7024194490908
3.15999085443033	-16.4443607510947
-28.7721092402317	-9.44137753503703
-18.9754654645361	-11.53809273387
19.5995295073744	8.63664779215357
-25.1331961016494	-11.541752751569
6.60918936341791	12.1517697749109
-25.0019159180122	-13.2682856063033
7.72194514033793	18.9272064027931
-6.25481648011115	-73.0922179560815
-12.3281732867767	12.3150049130753
-37.0761039750691	5.248980592678
-22.9845718195373	34.0249531774877
-23.3055824904882	-10.3057667841001
40.7565279437278	20.6227920444912
36.2313228183543	23.091933420058
-9.96607890781669	34.2982698424499
53.8923638805835	-44.7505073078336
-16.7106475993404	38.2524534962701
-12.4314218274074	29.4246120984577
-2.44812105822522	22.2217835069243
-36.0467850879376	2.65336665236256
-24.6027742344866	4.09227846047139
-2.23257108618291	19.516869918342
2.19218176330068	-66.9452924341415
-13.346153156758	-78.1344286008679
-18.9277678580339	27.0087915151873
44.0868054874108	-44.7123401772089
24.4171767781744	-5.34411748157559
16.8312239979675	-3.80080447911862
-26.1091276208393	-9.22256571088307
3.54562991153689	56.7885545775711
-18.3763858093089	45.2331244231176
-0.479655836146358	6.60541679095174
8.87431415701893	26.611660484155
35.0368123989573	38.1829633430614
11.5279709923622	38.6172652758979
2.11694481152353	44.4625897065983
-37.4100367170311	5.29397780595551
15.1471551618691	17.3268693895862
34.7810488304048	2.27990155118842
-7.34794583076341	-68.8042573747772
8.99040312776982	-65.1429747056871
4.45271660348802	53.6424158890699
-19.993516339649	36.3339907028664
-0.944526561895628	17.0205217161363
43.6919287256341	-52.9481901604858
11.5820603704822	-60.4051366841865
-24.4144827689337	16.8602984730594
-29.5454866810321	-60.8702973198253
-7.21563053892448	36.5472867186763
-1.02723462136002	-79.0218571676873
3.44835839343962	-70.8480085325792
-19.7624124538484	-11.5424365758319
-15.4600233003113	-77.1269374599696
-17.5505156241813	-9.56348019152202
-6.64631319883082	-11.2440394485844
-29.3651326651821	0.831250183598066
-24.3093543973283	-8.52778270508874
-39.291737155477	-0.104645075530473
41.7129524659684	19.8757144749483
-3.2269387789252	-69.1474848751112
-19.3135449355219	13.4407168775254
-20.4512501782593	10.0923792856935
5.10600752836557	56.8227838497221
-20.3678817171904	-65.3337053743282
-33.5583862853259	4.9259384461488
-11.6934759463533	12.6128367826056
5.19817165752651	45.8402472095114
-11.3069642134828	-72.8929609249956
0.314775955277568	34.0156103164151
9.11156775211734	29.8806151834239
-21.6370648531178	15.242189499812
26.2044693861894	36.3188802045571
-25.2526411532696	-72.1076885331122
42.164806498104	-49.297795267829
-27.165480697492	-7.27558180359888
-11.1188737463654	47.1449384544406
-30.5017569409564	0.969640325558564
-21.6463016024475	24.1757208404495
-36.6406158336815	2.01439615707403
-15.449514875792	38.1054365885465
-39.623893865831	-0.131445052635193
-12.2130702999797	-72.4627753986874
-24.7583325144983	32.8066709339442
-13.8707321290197	50.4861557416419
35.9102906937716	17.2720869678227
6.15411100117022	40.3358198665157
-23.9658101186554	-7.90278325717354
-20.3766067634219	19.7675534855918
-34.8352137661506	3.28999406908121
43.5993623646745	-58.9507520731123
-45.0126907422047	-1.21490501590747
6.20649204026192	23.7805530122155
37.2430444383008	8.3620132504467
-24.1202138312841	-10.2210243990467
10.9380007904352	44.8401427176492
24.911156309682	-8.20874038478545
49.6075218870939	-46.9156882861976
31.4548605377087	31.4849297020601
3.50067480743381	13.8101047687976
-23.2063686960848	-5.49477784299058
-21.5047586010959	27.9030781394985
5.9093753120456	17.4604538865832
-9.53773485244924	16.022833552208
-35.3244427296995	3.05962097441836
-8.87394152314091	15.9560553880302
-14.2101131324017	43.7026025033223
-8.6496324929267	-65.2191060826195
-7.36652754179158	-63.626703408466
-18.761258072032	0.100600742590454
26.7926898161294	-6.62523482358566
11.7120816859115	15.3252363622212
-24.5965216162989	-13.7756049502857
-4.74801372266493	40.9582685370382
-30.8215775443094	-62.5540918525107
44.728709747665	-51.5183790536195
43.6637963595746	25.3063732613055
-3.89070464077113	-7.30353465301532
10.0792701447999	0.436466309075398
8.31422168180006	16.9893825699254
-28.8837628769748	-11.2858156993124
-9.16865121540377	-16.2060817552529
15.4974565519131	-67.6996654115765
-10.957613826606	43.5551679552742
-19.3262554370291	12.3419714929304
18.3295345598456	6.73776957126208
-22.6454761143933	24.1161041635308
-5.74162359473933	13.1391861054352
-24.7566711721654	-13.3868833478611
44.7781503254895	19.9219798305827
-2.78420720935689	40.3621835172618
-44.8804104526325	-1.15594912433728
38.6212898829055	-57.502888625726
-39.6478423946514	3.71252154166795
23.3893706863267	21.3503030055389
32.2057489570144	18.7825322087375
-6.11621350476955	-77.6340397789546
44.5184122868213	18.8188833421924
-7.89828230475086	-12.0915300452604
-19.4130001302433	40.8506070486388
-5.74775905585217	-80.07371748682
-46.2778270919058	-0.172706002492149
9.15536759220116	45.805449211734
-25.9205885056577	7.62758274873207
-16.8110721420698	-75.2394627265846
-19.3158642099223	46.2375985262432
-9.23894431360622	41.90928749358
-7.8912216776477	16.3427472884741
1.99735832641827	46.9040434711242
-45.6542488373096	-5.30542005951718
-8.99829068719737	-68.7334539737561
-35.0514662838846	-66.3282058933207
19.8694196586412	-22.6102317308813
-13.4945930524737	41.2541960628874
-10.6655896745562	15.7274435250554
-26.0853937268855	15.8849478705677
-0.0518561095709392	39.9003104780339
-18.2150729067846	21.613502564665
-31.2452181560221	-65.2808653465552
-7.95365142107797	19.9655342037399
41.7701775550517	21.1278010507465
-17.139232266826	45.2159472317256
-10.5893583419086	47.8112456262608
3.94726760669368	18.5635918076022
-24.3812642668046	-9.42262833873408
-26.4646600490139	-0.310531162222092
-19.2692984832956	18.3857183339319
-26.8146680382987	-12.2437616216257
-21.8639466244156	6.35706647526794
-26.2571361324756	-66.26493294322
-19.5741101041855	-13.2664678545854
-36.365536423811	1.60884181599639
-12.0810352635499	37.3579959614857
21.9645099213325	22.3447176176913
-14.342394254389	39.9701594982495
46.8224663235697	-48.5497782844747
0.649677990016096	41.6392905478136
38.1417259918372	-48.7237147943233
13.9147517008034	-15.8815417075707
-6.27486361216952	29.9847741312576
-3.80505809495625	-7.26776247618478
2.33949525471202	18.4591783756959
28.7934310618161	29.9216164598584
-0.96548813110745	48.9339693316758
-0.88226193069394	-68.2669350783713
-38.6569399506289	-0.0577531937421628
-16.300195670758	42.4722494438367
-17.3833177561653	46.5203371102426
-7.95636330357577	-9.78417338577813
-12.9294383695239	45.1452776477711
36.0350754653381	35.54989519704
-16.4528945264506	-6.57171633100943
48.2245057929754	-46.3312692203448
-11.3887357877738	48.7215232860031
-13.3679702850449	44.0822908057354
41.6974174212372	-55.3794525408329
35.4384528033986	0.886240829111666
-11.3220040596266	1.37797846093556
0.0194633542494062	43.4031610533899
-26.1381290418092	0.265550676403887
27.3373378287917	-18.4910585325256
-7.43044969321633	27.4114782647275
-24.6272397821094	-9.00253870888989
-13.2008028016079	37.6301779721912
-16.5427231759472	-66.8202738421157
-19.6866661031459	-72.7186996604144
1.60696800739168	51.9176707602834
-8.78233517692038	9.47787030388404
-21.9870758349251	25.5166789747335
-31.1497341464499	-7.91014641257155
-7.45941712743085	-17.0034144402459
-17.416874893572	-1.25224046748947
-10.4515050055385	46.7885716938726
44.1557721521285	22.4281422842036
8.1857778687864	1.01568622892476
-11.3237861587734	44.4198592800619
-24.9522637025084	8.45277264536001
-13.8159094632432	-68.6900668318904
-9.67866922989094	52.2727695929572
5.56434426922136	55.0118308075411
-11.7522597120491	38.9129874313903
-10.2439818167744	-73.6568416593901
18.2678610324688	14.5041496604419
48.7453481689483	-55.553443706128
-2.72154734385196	-67.6375138132293
-14.1285504404142	47.9461195827441
40.8703186746568	16.4683307052902
3.52952943350454	13.7573846923593
-38.598177610122	1.13021010486874
-11.7640816345849	46.3831514722044
29.8948718260318	27.2648621388552
-22.0244945515714	20.1223437791776
43.7336508417509	16.4264072565536
7.79470366210436	50.8492856865534
-28.7518537541899	-62.8640142885082
-6.03958414222099	12.8644055885889
-24.6379540863213	-8.68185216115922
6.53329100012722	49.1705368061236
13.7813719104164	36.4924584929587
-30.5043769905691	1.17083817974884
-21.1862654948833	5.91664037977568
-12.8264716382583	42.9431871252748
-22.270132330053	5.61405382729016
-6.11321708114505	17.632925618355
43.5458529698159	-43.8944459481682
-10.5712397382091	19.5948974427313
-14.5132596149677	41.3771580972757
13.1067334221916	32.3233645801828
-8.01656120055975	-62.8567057848026
24.4815073645809	43.6953808730726
-10.3749909413741	9.93819467446954
-28.1121577898336	-13.0372585799595
53.3827126377792	-48.1470743584908
-24.1017206739729	31.243451903098
6.12854428822958	51.7091180750834
14.6570953669075	31.1009598896641
-1.10511298361151	16.3298093706112
-5.15765236344668	-71.7283500272358
-10.5897824458739	17.4726565646832
-8.34086682519058	37.6105849371952
-8.07423710466246	-11.4039526417479
30.6126716576502	30.6936038087749
6.85031802163456	19.549486717861
-29.5895217282188	-63.5771900107219
45.1005924371689	21.4781929685161
2.09900984213384	-20.814268999496
-10.9929667869657	11.2304853339766
-7.29761108923226	13.8035973633552
-18.0931304508459	23.0158848077054
3.49953412854218	17.0285192830636
43.5933273053993	14.5196905874443
31.7785804126304	38.3173619856867
-6.01320142561469	40.0603871351355
-11.311524843973	9.39727047540103
5.10413875799247	39.0908899637397
-34.3976169280536	3.44568468873716
1.09668286194227	53.2835819827154
-4.51917895772945	39.6623605238516
-13.2871049974281	-71.7661229222722
3.33429227320501	19.2532257677212
-0.00786021202622947	-72.5560238983651
-42.2342881690032	-2.2469796196983
-6.95749114952305	49.9400590325157
12.3353072975577	39.4654768697854
-4.96241822248584	10.6767242138592
13.8202636658055	13.1545508563408
39.361138613438	28.7387964441369
17.1270880093686	47.5751819093699
-13.6482653048562	29.334315065934
3.26425354642231	43.7438283279418
-14.4356271061987	32.1886681812821
16.7468411649127	9.47870607560485
-5.38618060111052	16.0500563822934
-28.131443377219	-7.00918963645219
-11.6837292302666	-14.0563415749563
46.2280108312683	-59.912910259194
6.95151099659333	-68.4666878703103
-9.58626559181618	48.4207739891953
-14.9242364673087	49.1098516492764
-21.2821644291094	19.7777889529639
13.7392256675927	13.0663359569397
33.3258683071671	23.3984424808958
0.288384049417042	44.1609186932517
7.07722154299549	23.4647929583335
27.4226855830076	17.607558642215
-12.4109899490735	17.6254017613171
15.8279077529594	47.9984215598551
-21.4927176349335	38.6756706524675
-39.3433927762817	1.4560501758964
-10.4586928291859	0.558871940828557
-10.6009995299987	40.1212109077774
-17.9785010222546	35.5217544316461
-28.2820521384402	-62.4330212906036
-10.2234711017749	-16.1132340800595
-13.6753288244186	17.7733326173422
-7.36090982484358	40.8664568700403
-23.1364030479828	-13.7555142538113
-25.8710827034828	5.01601174116364
41.5153800977261	18.6243914531267
4.5322701276859	3.67774972216706
-30.1166790103011	-63.4884926077459
44.8043468658105	-49.8772610731857
-38.7366339185896	-0.221098414291924
-24.4004873112075	-11.0020182512477
5.37187120414484	-72.5067578652283
-5.28176107237283	-70.1616022009881
37.8554240661809	16.3731037559918
-25.3177188460414	-9.66068890842016
8.15872826859294	45.2277008409538
-16.9612694816853	40.6466294204723
-29.1774726464755	-63.667267349541
28.8154815875271	32.9373055199736
27.6231316375268	39.0186796747367
-26.6055561051382	-14.4526714631873
-9.79008224015405	16.9304878974267
-13.6336383662615	39.9108282461407
6.14277312408333	14.4304800843584
12.176079802691	-61.996873182836
6.06732066631643	-75.4909014064256
-12.1524324799068	10.9409947751552
-12.1120392600738	48.079944779236
11.3046454380802	42.2149066355047
5.06633743320354	8.99954361462213
-21.526820553901	-7.11598539687758
40.1321773851985	22.7784420068558
-28.1260686138249	2.4050211305109
56.2194873581096	-52.7759942334325
49.676701812727	-51.2694266309043
-13.0044808194732	-14.6239598542227
-37.5593766377003	0.0355889617797009
16.6561761142223	49.8215326995958
-7.76587464919958	47.9757401539888
-5.86695452535251	14.9239415596482
41.4757101826762	24.5862111420486
-22.4300093030546	36.0986114058765
9.95310901267881	48.2480435847718
37.0689433300148	-54.1376995707134
-22.2916022465259	26.5235995148319
-10.6324283686063	-71.8654732421499
-0.97450834687834	6.88619749181046
-6.29763425930586	43.0029802867628
-20.3959201734602	11.8176430700832
-35.6457634730873	-66.9278337977294
49.2969488643976	-49.6246326108879
-29.9730230462456	-5.78458436192186
-7.99308863561477	43.0387846463159
13.4823848271554	13.3342659406082
43.1884875899044	-54.3431735341062
37.2692161923073	24.0907791389205
45.5708841284173	15.514537180826
-16.112643801843	43.8324217508433
-10.8140438726507	45.3108191378793
13.8250652583137	37.5637313194864
-38.8509127351398	3.81511031069849
-20.2483200972936	-1.39794097239324
-29.1917002096836	-61.2862220388632
-14.671640460657	10.686454229837
-1.45758875689783	54.3540772574427
40.0091727773037	19.2532218993517
-33.8763635662288	3.31002168379243
-23.7043989273141	-11.1310318889742
12.4378249903196	19.5119696270262
-23.4457952805241	14.2962986540593
-16.1405534450127	45.4350362812758
-30.9859985886091	-63.6802545247966
35.3327811905007	33.9898286727215
-26.4457634524199	-63.941770355269
-21.4778658500134	31.8551940773065
0.770011971738904	-14.5370844972614
-17.178046800589	37.3671620931428
-36.5693569098537	-69.2324988845527
0.890164597498934	39.1497378749575
14.929385676735	37.8499581504877
-14.3445946393164	49.0921590127313
9.71042324324622	-72.9626099495076
-6.5428424023635	-65.3952390565777
36.9368237801334	4.0318843296766
-13.6320068436523	14.6714967921133
5.64491760587622	49.0919299615135
18.0485415748627	-61.2238770853373
5.62134745808884	25.5342347214444
5.06186449218086	9.0358683803465
-3.81675501993163	-6.61569222047671
-17.9963962949746	34.6440060685485
0.98671215968485	46.2742912397032
-15.6663621122584	31.2959458515965
-0.275659229942509	44.8972150876061
-16.6391230317503	18.1715565043565
-12.8713196806013	11.3114453888409
31.8395984937284	33.9139200980043
-17.8633897719205	40.0246035928674
-15.7717921622318	29.3100173847643
-1.22086675340844	-66.552192292888
-23.2533155402849	19.3004735276301
5.70852563858152	53.2244004853805
-18.3188719064086	2.13682930999581
-22.6544881227534	24.9074337335164
-0.515208672839015	-63.9986772551435
-31.634068852998	-3.35208539358311
16.7958925998088	14.2742617688114
-17.4776586371854	-11.6931684516626
43.7297421615945	20.7899775366133
-31.4423547190607	2.27908084766865
16.4122008334057	15.5918460845033
43.3622380510095	19.3041103769108
-40.6595444288864	4.026246948588
37.4239824844592	22.0095221584349
0.927338164559976	-69.6566046160783
-19.4108144854877	43.2782541691881
-11.5249892212525	16.5193125059189
-20.8396242667353	-62.7403766686848
55.3378171683952	-47.8518766136463
-10.8565077342415	38.6554555236959
-11.33183033626	36.8903042042103
-1.08740043652937	-11.8269352633988
11.199233897114	41.2521170867944
-16.8463295788848	36.4059291198536
54.8444444190138	-50.4814552754991
-39.4187821806575	0.515256670796221
13.4468125608107	38.8653670369334
-19.8830795574251	14.8380936160211
-11.2565766004267	35.1018032078456
-25.6742971713145	1.51255980129512
-23.3218521895482	-8.14113777144858
-28.0130663853569	2.67639969658015
-11.0288373933281	18.7670922044061
-8.66447195097591	17.0033031009389
-8.44203908284784	-70.23658246557
2.74929180306265	36.3576358102469
0.718027300110816	45.0607794193505
-10.0913897726196	49.7515175743058
35.0918506542973	-48.4439577982742
3.07896361752786	-8.3331839838073
-29.770040115428	-6.66844179713053
-37.0523742882387	1.34688176918142
-11.7730181873827	-71.3990453145309
45.8815636546319	-50.8454439925497
7.83131649904366	-62.5144404548045
44.7998512321015	-54.4958045012397
-27.968664522867	3.46057664470539
-12.046842686074	-67.0822012325693
-6.02173229448926	-68.5178777037319
-4.33039859699052	49.712610647454
-24.9967553288173	-14.8752020049066
-15.2354839860704	39.0084886899071
-10.5575447674968	45.9669763111528
8.59508052582036	34.3944068925034
-26.9312454291523	-13.9243966682861
35.8302811885948	24.669377212503
-14.2957159658302	33.4516086753713
-11.8320643858521	32.3061631706281
43.2996457988025	-43.0901821442474
-16.6572093503824	39.0568901223741
50.8180505872497	-45.8775383890291
39.9287335711228	24.277088359723
2.15169094620912	45.5652146403498
-8.60324263872018	-76.794010224323
43.0361680080415	-48.1495885891061
-23.1103207207663	12.8458118574849
-29.7764833112539	-65.0010332806712
-43.3143569544694	-4.24665323243045
42.369362593484	18.8437133684094
3.53801275937698	40.0402129210899
-0.0509947162372897	-18.8280634784026
45.4672831309571	-42.0163795573905
0.332193064698805	47.2540483017248
29.7771471058093	33.2323535884384
-3.78193896580354	-16.8174408303667
-19.4787121063192	11.1447431162734
-24.9670591017715	8.06389474486193
13.5472438692585	13.2933155175627
28.0790609018639	35.2286646603125
18.3024390519845	15.7105489462341
-20.9829848286137	24.8220266331409
6.32726422196427	45.7631257108872
-24.1124215850504	-6.29402678744884
-21.7564544075749	21.2350637097174
48.1595264316047	-44.2430817063734
10.3238899747132	52.0165556109794
-13.0661433025407	39.0131872820521
-33.5021987966731	5.08936654004519
-7.51047289236457	37.740609339987
-19.0994695512053	-1.25419147123609
-8.69925414224595	22.2803438492999
-9.97609301780922	47.2274521740436
-4.57550985448278	42.1340611409557
-18.8962208316968	-11.8357636660375
33.7596457086645	25.6352686123331
-26.9148758049068	2.52958957287413
10.0020230156606	9.76145961560889
10.149030932327	-66.9546073955941
9.92782453023598	38.0737710303543
-19.7158347588658	9.7288813726668
-29.7070883316127	-1.70057490319742
-7.69394576367416	4.40787515125548
18.164360572312	16.493459116486
-9.09533597117946	39.4706060216096
-25.7280723902047	5.24356418657984
-32.5901511712375	2.62332464558891
-22.8750514893138	26.8869555588375
-33.3435055418602	5.26360213540975
-28.1121221312948	-9.44597376953601
-15.1989893941135	14.4623356156383
-0.996582433810964	52.9648839970013
17.4637902809693	-62.9609774510555
-25.1821764975602	6.02280215567159
-23.028230735698	15.9960595197936
42.7033760214025	17.3911958344795
-31.8301761587611	-3.32412987927106
-22.9113710978934	11.7181603311097
47.210242002073	-47.0199841265802
-28.5382265485509	-11.8563430093617
21.0373031062392	20.5971888138006
-3.50588895654951	-81.8542305688178
14.418968902416	18.660710911118
-22.7853654335591	7.33988342786015
3.20579405922424	52.7385343367568
-33.733429920795	4.72529238559122
50.9301905926172	-57.4639620824271
-23.0374200512819	31.6879428617048
-28.2066290153755	-6.96989377915523
38.7353434764774	18.3259053533494
-7.57557588530444	18.9187149071574
36.1824997077722	6.32837763138587
-7.84357700134336	32.1223516229837
-4.75182339128116	51.8783400839514
31.9551144699411	37.0789184887891
-24.0304288429835	9.08825980119892
13.835873886334	51.79896023523
-9.33441144355513	-74.5774796774241
-24.1673078712927	-8.56816152337516
-7.89220052771267	44.8050043092439
39.0271386764357	21.9209117080006
-41.5395539911757	2.91047070603941
-9.49661888838908	-75.8796238719493
2.14120854720635	48.9707209554138
-28.3207642724673	-4.38675763354458
7.00986669389644	34.2170310432793
-17.386459891311	14.5498852434142
-24.9279994198489	-13.3567939898836
-6.92587559584137	16.2188200045609
13.4091150478927	13.3664059519152
38.8777565824193	-54.3801607370715
-7.30412403433955	31.2256502173642
-1.38365448305092	47.2724744285391
-18.7179768481494	2.79383583867528
38.0389448483867	27.0199836073896
-8.7931216047423	20.1113755936864
9.87957655231862	0.518414012493644
1.41250859871085	42.6684014622887
25.8090597336747	24.7760142454588
1.91385395930854	-73.1007037952039
-3.41663508651531	15.144668537363
-25.5958505773989	-75.1848009559181
2.93558295526494	35.3465372299916
-36.1234081640871	2.11051947977838
41.2303223932279	23.3652200601853
-28.755689544326	2.80177132841068
-10.1063082614698	11.4284200326018
23.0977894541436	-5.70701103654074
-27.982036567332	-9.01319180313986
4.70143973768409	35.6700235116368
-12.0033059498577	-80.5313682523658
41.8907574008637	-47.9052644739689
31.5911285003907	27.7914715126803
-9.17316564240426	46.3130068964853
-41.9220580938497	-1.12123285731411
-13.4481709965809	-14.3650902199854
5.04809605146872	8.98841115221638
-36.2219732940561	-1.18031982539922
5.67138241390581	-0.843357636261042
19.8466573003655	-8.11599215831295
10.6390266528186	34.0205242196704
-31.7838245504322	-62.9688774161082
-23.4288210400754	18.4206881684541
-40.8588842734061	2.92888254186861
-35.876193451928	2.83847821478493
-0.269603186946306	21.2851654908812
-29.0919461548108	3.07526048485626
24.3820331817029	-15.322512502419
23.7869762536558	25.5133303206515
-21.8688320268404	-9.20496721290706
-0.498770476705723	51.0005634069278
46.9216479267924	-43.4286362331492
-18.3989602733746	17.9732576319225
-40.5968203222548	1.3414771536001
12.592033386703	36.807935955356
2.40392868396845	55.1382478635271
-23.6770597928788	35.6854583163228
-15.3275274419136	9.15694069175373
-10.7776705796183	16.8330176474621
-8.41779185471724	38.5163916893921
-29.5788337814354	-61.8976223757314
52.5199399461946	-56.0540272886296
-24.8405733100826	-12.4036431473361
51.3757360634781	-47.482357769829
8.10022320166794	-18.3327437359184
16.8609396813912	37.2267804864395
-6.5804275807108	55.1914416501565
22.8900285060054	42.4852549999282
12.1130137970627	-21.5385737546657
-1.89615938140451	29.7119270921421
21.4735424951644	-19.5729271111517
12.2932477005945	-9.02991742862695
-0.698156285090166	29.1420557575233
22.9820224951994	-23.644310365195
12.155010437583	17.4180892303672
32.3702162569267	-45.6120550092943
12.8731350127873	-14.3732197486384
12.4475522502984	-66.5384949530354
20.6019518096131	-24.3873538122407
7.7523721097406	30.8981505956709
20.3700221334753	33.9135240877387
42.2431422392983	-50.4017622618142
15.4579818560419	13.6036909805713
16.4670611299432	-65.4096173912478
51.0835942476736	-43.1964581604102
-37.9704700821794	3.53126509716973
22.4780904976657	42.6135391193837
-31.2957140699466	-6.95525233406833
-36.9040743163463	5.30794935125444
-15.5468957614017	-73.1533806217952
9.80919366575375	8.39759085485878
12.5081650582801	-30.147806141972
36.4824527052221	31.5284142776274
-19.3786833217781	-8.21233161570583
11.4970012611515	-18.9026328327022
-9.66689196941499	23.1021185749391
-43.8518503537288	1.05042337333174
6.22716411810799	-17.210183655069
-22.6754080186902	-70.0009223525071
11.6152663507918	23.6227520521217
-13.5576847032034	-76.2523006165149
49.1229277476079	-57.4928435152803
15.9588431077407	21.0687989348132
19.3442615830607	-25.7045003252663
1.1347915437698	-24.400195710368
14.8850606104294	22.8762383249904
27.1958161042341	10.5436401901304
7.21664133334446	-12.9986936466891
-23.6235002689466	2.18165193437465
16.2530588518901	-6.32135867384828
3.85741736467628	-26.0082932205383
-3.525433799044	35.6401129130911
-18.4671483106267	-8.66245889722435
13.5794122326566	-24.2556516328799
7.68594104664014	40.8950311447862
7.18863695810259	26.1478529798461
42.3146394935255	12.1948414061575
14.9939226345453	-13.8816095210082
27.9210470017438	22.7186198595561
26.363116827845	33.901948208488
20.8636555060085	29.2867957920009
40.7702976121751	-50.3437662412505
-17.5511652442737	-8.05270637766283
1.68803840145353	25.6567081636307
-13.7993452929792	-73.376681753493
55.6062086881794	-55.2151788278175
18.468875734011	-6.65838487748013
-1.27602120847642	30.5222462627194
-8.66873941188125	13.1572728475387
3.98310288592769	-30.6676068741446
4.22789555502475	-13.1650373890765
19.3955346783763	-15.6931980744545
3.75443942119881	37.6208892977187
41.9466224703992	-59.3257528429638
18.5673020857846	-27.4806998707707
-2.08649047897883	35.1073141603635
-13.354100316825	0.322479024664938
24.6317121008428	-4.43113482186559
-25.2755830049047	12.6910526416905
12.3456382934058	-26.6567286181676
-20.0822410013827	-8.78555612660406
6.42073613882664	-15.1949122341692
40.1675441762716	-49.0494680950282
26.5982783325345	-42.1399784977004
-22.4743365884318	-12.7770646288685
-15.2368706554409	-4.04539743587842
23.8042878147405	5.32235839442733
44.0187990644007	-48.7044049745309
-18.1394510549897	-7.06537810536577
-9.81007653676185	-78.7997491130989
-21.7443559712005	-70.0504146088184
9.25023216128493	35.6452129514802
18.3551360132146	-22.8208111749356
-11.340088756985	24.2880039677659
12.6290392710473	45.2537110120318
24.2910198867864	31.5603727956814
-22.7864058426565	3.28361243664013
-4.14104712531742	28.3230079695069
4.13454225247825	26.8746202019219
-8.26562012806477	12.618578390157
-12.6237503259212	22.375733417077
18.4475212215565	-29.83699424396
31.153590260001	9.53567768341276
-8.09988682160009	34.8081554520555
15.3313913062753	-66.1979515669915
-1.74137744684003	33.4054774080245
30.001600253024	8.76818240455779
-3.86264823102417	-14.2766971023017
21.3087242278863	-9.28974261533823
-12.0250925177502	27.7093931480982
1.56485513791809	-16.0655068903763
0.138184884917772	25.9649825525424
-29.0136277718708	-1.90172465316628
-17.6318330324437	-4.03477421027028
-13.6968935948229	-0.0225701686007682
4.51428462420109	16.9134142828397
-30.2729576412921	-59.4462712010653
-10.6494579281789	3.58593377120969
-9.59034341443653	3.30673820140535
29.097625985689	-0.739668611648941
-38.8394194946634	5.01882214217166
15.4075800309136	-25.9305325333647
17.5661705281211	42.4511989168674
19.3718256725455	-24.686093232323
-3.3623260085104	8.8818861198469
10.2975179455342	23.2245841233965
29.434493881307	19.5569117107066
16.3866128700673	22.6716510655531
20.662558787588	-23.2610769224681
16.6315273715453	-16.0889438986774
14.4995532097317	12.5700967131263
-17.7654797846866	-9.47136151851139
10.5510804252452	32.4185119782377
14.6213546494135	-17.8807760617757
16.4427196920711	20.1243921070319
7.29334065013318	-10.8013634213003
23.4249425167553	-0.00336831582854799
-37.9173075947364	-1.55920393009035
11.6465776803237	32.4044940798016
2.58009651166436	28.0611477012615
-10.0571484741466	9.34674962670687
8.45890720723767	-31.7789084036755
1.07570631532737	58.6634023538809
13.3582197017748	-22.5803212274333
0.828898096332145	30.751923338134
-12.557201476426	-74.3367005410799
-11.0994426173481	-77.3434046386524
-1.09009427114064	-24.2793918771772
30.5355782062232	7.7373753235314
-6.20892527261929	0.969809875298235
-1.97278500567405	-19.8392675882246
13.0342986236206	-28.2505890956853
10.4238237352305	21.2565507510708
-28.9634380929336	-2.4539299567548
-24.0323619732229	1.52659262497212
11.6248569559517	-65.3183860872184
12.4245418313834	-19.6600933551893
-21.6171598160299	-68.8682603732427
8.87432925334772	8.46133479935977
-22.6666549777138	5.02593596021553
17.9390357754664	-16.3640263417879
-10.0449914261884	24.8884900604373
4.34396032408246	41.3552148019747
38.6361742091098	-46.6602511638351
-13.5410124997783	21.9978674281885
-22.4968137538307	2.79610907380666
25.5536969878421	-3.67870920090327
-4.41366681837628	12.3644021922461
-2.87595420086216	38.4769154719835
14.7216282079176	-9.94287563964236
-5.23198257153961	26.0330088491809
34.6415968109024	31.4175220551089
-31.7976438289695	-6.30869794987848
-2.31567109006336	17.3707794755233
9.95627324773292	-20.4458844462632
-6.33051385836826	0.0398832794904957
25.2995753493572	-11.6057089377324
9.0844249656711	25.3519784896244
-22.5943751456939	-8.39487857223468
43.6100382759924	-49.781158007566
0.153365639258309	36.6604338513778
-24.5523792387342	1.01994293393287
13.8320671278317	-6.59185606558119
-13.1634594309877	23.4468174016254
32.6450557020707	35.1313071967672
11.9291291839179	33.8358023422841
11.7578513123698	25.067965276596
11.5558827347738	-67.8941121543333
-21.3667401816027	-11.1765895026485
-32.3733971828686	-4.72366845301635
17.3503218678091	34.8578729893115
-17.4783189988274	-10.1773408671713
23.3492117346082	34.5198603644195
26.8820899086965	-45.2473915945576
4.40215691085961	-19.5997796832256
-24.8927312754255	0.749640642786545
-27.436822382353	10.9008739020121
-41.2394691666177	3.79560793635341
29.8770618332718	34.9664020820574
33.4425164129968	-47.7974381158182
11.7646308817379	-17.2854752938287
-12.7862799659801	0.453619883807069
24.2920039463177	-3.59292456285432
30.4225454164212	-45.5682130653778
-28.729906937034	-1.52478560254705
-32.5504341103989	-5.00653744262857
4.3380852596932	33.8786467755728
0.925708630467157	28.7517454650688
-23.6997704544983	45.2599345780798
5.55226239236823	-27.3014126945397
-32.9633676141176	-6.62444831589032
-39.9618614740038	-0.555619563434969
-12.5470847831349	-68.2353731420643
-27.5878428614135	9.53559354519208
-12.001905824288	30.7637226539681
3.10401223125169	15.9462894838613
-9.85146487106674	27.4019709458189
-9.32354483231251	0.196408640731743
18.1100687673896	28.5510015203846
-22.7412322200792	-12.861922861601
29.7387882492186	22.8493983728511
-5.7966528504481	10.0005833382419
-15.8667482318501	22.5713773154612
15.8037247799393	11.8847080466837
6.92825565455049	-23.6716668777867
10.3096143534574	-26.9284589665688
-20.568224944692	-10.4113888851798
-6.29803018687393	31.2567902176329
26.6515633453888	-11.6082567514814
4.20405387625201	20.6061664508455
29.0049476186968	8.16577206599521
10.511183875531	-21.9809235917438
-0.905559344608797	35.3789208072693
25.3817579791981	8.08639082752368
14.0934838664122	46.1542137572608
22.0275359721906	41.4276098911203
-41.3028274011562	3.15059848890248
-35.8144367125869	-66.5117487881278
48.8824629088052	-41.2363285960147
6.21027681301166	16.4321517103014
12.5545701421006	20.9164100170556
-4.32357554185977	11.5878498922933
-2.53626348385441	30.7229699797182
-41.1685992634445	2.65186154972155
21.4057928680138	42.6721355779449
8.28555308632723	-22.6334146643385
19.3719514836609	-11.4050321180737
19.3815852512512	-17.9254571516455
17.3025432117127	44.1806353240069
27.5031468566085	-21.5365728757055
11.6008633424427	-25.0760133878632
15.5269809172038	8.13442806859263
42.9868062773758	27.7581697511531
-0.615439068272978	21.314327378027
-29.2791593608347	-63.7490028937178
-23.229609647125	3.87303171729093
46.1001802611483	-49.7531315373116
30.694848927299	32.1758212378462
5.27135921025165	-22.7204908374449
-16.8366975007017	-8.84161040235819
-6.987391702792	-21.6210291984242
6.22372707947993	-19.4053551066708
-3.91606163306914	-65.491483262966
-38.3161018873183	2.43222374074596
4.49759977704989	19.1225032372529
3.04545116054736	-28.1696693697096
54.2969580387502	-53.9843445378667
-25.320384476511	12.8531555161231
7.92441633592303	-29.5928244903102
36.9505630667726	25.860545420966
-11.6227856091817	-75.8906919249293
10.1275070302086	-23.7560352838281
11.9134143844045	46.8472057412889
23.9899510301925	41.9330305721003
8.45420827482939	41.8311206666787
-22.4256160467986	-6.58999813681884
-11.995597318543	2.85924622289112
-2.39952183024961	18.52960691566
-18.9122337452469	-81.5029134869345
-0.517903107921523	-26.8347994569787
3.52277961862675	13.7938825784695
10.2517562513276	-10.7792224180409
30.7053537514788	6.08833472057926
15.814799377743	45.1758741269183
39.4826242281705	20.4728035324843
-14.311327241782	20.9265572983413
-2.29957077148582	24.6264070645836
4.94824484482613	42.939246297102
19.9970867123522	-22.9949498035257
35.1278221185273	19.1316910416048
-0.137241316657372	-29.6930962448423
20.3705979137306	38.0371000355215
14.5160464240142	-27.8012549365099
2.50216905178299	29.0094706620935
6.70035089143027	38.2747433266347
-18.5806475246524	20.2340519976593
15.3996271046985	-22.5193100147895
9.44861372406017	-16.6251191767987
16.4657995986502	-27.5983500818546
12.8416148923068	24.5164445190709
16.8187632550697	-60.3211534916654
14.5039199836245	12.611105879435
-4.54083768864949	29.4451195056279
-13.7639325456091	19.51990237425
-2.42878154864284	-62.2053818143082
27.0900641961851	31.9601064068745
25.9243015134164	30.9630707175054
16.5572185470288	-20.0189938353341
-3.75418187186088	35.067377589451
7.05356790965926	43.9803623407631
-15.1184472972691	-3.64258079047049
-2.95767889485802	33.6100837849007
24.5400771449008	18.7100310447574
-6.43997074528785	27.5761443497626
-4.99917427215828	22.8597849386615
-30.1574610445593	-61.906549786652
3.58498229770197	-22.0938123738561
-19.2720022582759	-9.0956027346653
18.5728823592983	38.1453189585781
30.9543432295269	-48.7909923522232
0.508340852121297	29.8844513640569
5.02510317375528	32.9698450380065
-19.002076145671	-6.83073870327675
-0.350199431409401	38.3291368412433
-3.59890241205723	8.96859585579116
23.18224285467	-9.7923403516906
5.864708939494	-29.0098037236809
-10.7575441517624	26.6199178508761
5.40497856999571	19.6750525956683
13.2354566136559	-60.6337956416567
24.7249152262766	8.01547285239754
31.7840189447613	25.6693233288637
1.11173073317022	-17.859768907914
-9.0858965444569	26.8749448534107
-11.9281007928008	23.1229505851578
-25.5749511574533	39.4128883362607
-13.9969844400006	-66.730898101612
7.69621729569645	29.0432916167387
-32.9468429595194	-6.75784317206044
16.015812801355	43.3612839739343
2.90330105535597	30.8089995151438
14.0784358579312	-19.6022425873402
20.2280053592189	1.78387082097232
23.3203886166814	27.860974497953
5.51969747755241	21.6296603797835
-19.2209605468884	-9.98741032548299
35.4116551145757	26.2620387957978
-3.66333035667517	-77.7391661877667
-9.21839677651695	14.1498464384309
-10.1030231339113	21.9126618882237
10.0491078228538	-28.5395372611283
14.8841230973938	-24.5833916062011
7.69776896939703	43.0727586263311
-32.1355115553729	-5.62484067086899
20.6749420138702	-23.9122798272135
10.4060526600442	36.4514434847941
23.3261418862857	30.2392470205538
7.00906401530578	25.1074785794564
0.586608763800506	-22.4104352933785
13.9913513121496	-20.8630250224286
0.415059910457079	27.8451736640652
-20.5450126196864	13.5857851118976
-35.3882086973494	-66.1622384571163
25.6471266913509	32.0550953728214
25.9731648392398	-4.87723876560179
8.67290015316853	37.427625829515
3.64593467929082	25.8224275013941
9.24188963477172	-25.8488326232556
-18.9179626863218	-8.53364476269122
-3.87443634535552	31.2514271945904
-36.3420907015072	5.59777466898862
-23.4354426057604	-69.4860407211294
16.4068009704196	-21.7991967141902
-25.1338055460903	-15.7195391208934
17.1415286203924	-11.8449185700558
-29.1373929608197	-61.0120124480224
33.0636162318799	2.50326167292488
-29.8170293777946	-66.4129757857194
34.9985132107436	-45.8356435727578
1.6898011305111	16.1131262434694
-13.0175192889619	-64.1656108459055
18.985977531024	31.3688531580367
29.5092106352228	-44.0799923780797
22.4868121922402	37.2098377865454
-18.7491607646325	-7.53534034581215
-27.0659209105497	-13.0994757093607
9.39874624532064	33.5096179550158
24.5928827437956	-21.2785561803094
-18.7343239425145	-4.04018753556477
-28.6119431268275	-1.94828976091268
24.979324047436	33.6504814396645
-28.0589656591608	13.47140233966
-41.6080492407364	3.24279506048271
0.536011707236287	35.6845661573739
22.9494152665176	-17.0740671456288
6.07273422714383	42.7948356234287
18.0750214290528	52.2048328419589
-24.349692842936	40.7087023210437
-19.5922008746683	25.4313774780247
16.5280989060421	-28.9325529772848
38.109450394603	20.3221810696392
15.2630911030494	12.4468877477264
-8.0116511836596	-67.2367764980346
-38.5525953988569	4.11352230148434
17.6958111172461	-17.9972519818244
28.2066340718459	21.9063022933287
14.4201217189984	43.7528633842625
7.37448348049295	41.4684615346308
5.47933751275817	41.7681782537181
-1.92023038726533	31.9975139970522
-16.5394871013447	18.2255877439303
4.37187576790499	8.31941993511544
1.89198284009727	-25.8337617300655
19.0018824096563	-0.322292068124948
18.7587706232031	-13.5419510180494
11.7717148508125	21.6011048230409
27.0822482590228	0.00357378923696923
4.60872937121285	-35.8996545440346
-3.33193907792995	8.78737571844085
22.3391296917558	28.899590125888
8.41894135579059	32.9850022648207
-22.7004672677442	-12.2612192257284
-24.5834031751649	-68.9569164785404
13.8808042480622	-25.9464427333379
22.5672181186965	-24.8053087885371
12.9400349363509	-64.4357402859538
21.7701851328992	31.2274291453984
-1.09527401245427	23.1079360185637
-10.5274898213817	23.4639271491051
17.1003680477372	-65.9495930237149
34.5350284650904	9.55304862504546
-0.488371229597027	31.6118622133363
16.8608705655486	-8.9829746750877
1.86447320378308	34.4693308816722
3.62538032522269	-24.4217672130145
19.7763075573458	27.9799823333005
13.8053012323471	-69.6072998794379
-17.2499678132622	25.1698980159055
21.374311333598	-29.477007747369
-11.2944884916721	-74.7195517222561
-7.64511570621186	-75.2099133482403
-36.5556627593226	2.96938132699993
22.380556482557	35.3275025057057
25.68156030705	-24.5959318709321
6.53855371509892	-21.4274637370862
-20.1486217881021	-68.2293035389382
13.6940768128083	25.2705355350959
15.178726660474	-59.8319664060987
31.4601077277656	29.5286426990184
-29.3225942829608	-1.79554902870725
41.6842979679459	17.1982903452559
6.91893205045076	-26.6878117908887
3.18201495258917	42.1196260308782
-28.3937357792563	12.6824764669574
22.2746815477961	-22.2008451063194
-25.4544335388528	-0.314057769212261
29.6836291978902	-13.2656421997966
0.171098560383803	-20.6286840557069
-13.1773035258711	24.3101957432089
3.55294240627788	14.1423028665461
28.9889151486471	19.898740310266
6.51606039697464	33.3324205542134
5.96493804979974	10.855590496296
-6.64067565315714	0.674711026841443
-19.0607968398275	-6.90304973010225
10.364045812548	25.211533046282
-14.6287078119574	24.6795196073545
-3.83803004297982	24.2724188226499
-9.69478403869479	-67.1545534705993
18.8144939905507	-61.3800315905513
-0.066158403376816	24.0897153412147
-28.9581569087713	-1.94708321796498
19.8823530836236	30.396277379517
14.8433144673225	20.1503580433501
-9.14232895860778	24.4468466246788
8.40081069171093	-20.5902754090626
-22.8664149389322	3.81375619773059
-12.1618121599171	33.9635608078129
-24.2019153031414	-0.36468835655268
19.5846271008004	-5.61017840831102
-5.48468741430662	9.65592074332362
14.5451465038435	-60.9312512742477
15.2561929384145	-20.7699804645712
-9.69442155369371	3.80636753787973
19.0829266259636	-9.35952496552038
15.4738620963828	22.1269124990577
-6.6028687276001	-64.0744286405722
8.17533559597854	27.991933028836
28.8583978645021	19.7031646023667
11.2593185980001	-13.370866312879
24.3575477194633	-13.890805675547
21.2269099462492	-16.1418469115473
23.0749528729326	-20.769021600074
1.34840785372967	16.4170542397014
12.9708476799911	-31.5517952734945
20.1639601202621	-20.7898722091021
-30.2742407339622	-59.4150684390903
3.85465828248594	-11.3225568028259
21.5208133607194	-25.1496762954194
32.0568277133342	1.39120816775732
-25.577177012827	13.0506180924498
18.7488812993897	34.0089670071377
20.8652215504068	35.4593403380563
-8.32833908052259	5.93465457866885
-9.34428153917704	3.29525839820624
-6.2419430877511	-18.3391109717052
-10.6459364664523	1.44649756976019
24.9390055296243	-13.4396503103418
16.53984949515	29.0350808998446
-3.24515411125591	30.0567388368538
7.28470718284565	32.9313668895308
1.78687441572041	16.1518088063729
-13.3628331992422	31.1212931420314
-37.8373652488641	3.44859642584242
17.6257335960598	-25.0335323233862
7.95417580178771	39.1022481425433
13.8492778137102	15.4161566852002
26.2127548038442	20.616979621754
-19.9556105670782	-10.8143063889961
10.6644565323032	-31.7508590567838
23.936604955874	40.9970172006762
20.9331900409954	-14.1796531899394
12.8094239125096	-11.9354757438086
0.841167856873752	32.5391595853028
-9.70370493226715	4.00140145127523
-4.63654417957494	30.5750185869876
25.1567567472165	7.47406938767745
-10.6079230203604	-69.16951290552
28.0713272277048	25.8305582176805
-11.1402248361964	0.85310581374281
18.3429502874521	36.7889923566069
17.2569830515714	33.2767796400508
-0.0313766767856	16.8341594001406
20.6035320590248	0.0499184248474977
21.1009896636797	23.5723906164474
12.9987382023388	-17.9677599158761
-5.55050968533261	37.0860630134732
-24.3285180475728	-14.9927230019023
-28.7271237382068	-61.5690278472652
-31.2968761763238	-3.78628455688129
26.5950878474476	-6.10514931875255
-23.7855978565706	4.18681478101108
19.8918714792452	-22.8373156750508
18.1555450361109	-19.7992203430452
26.2826715168123	22.1460487144963
24.3900423224374	35.5780155924075
4.99627097268992	8.93137485015764
17.3496935111698	-64.572006522545
28.6651479471663	9.53245813853472
-24.7368799293529	-15.1971223857377
-20.2499954275129	-8.77884901301205
19.9111070997006	32.3776821061822
-0.68731062633076	32.6306431282284
42.3964826019899	-42.1972369138804
-24.6486852558313	6.13134294740408
28.6258871496879	27.7756266906525
-3.51473313018455	-21.9439521359176
14.9968304940696	32.2249462714153
-24.8874733664075	-70.1921155920852
-1.29854818572153	-22.0322161993044
-17.6392734337547	-10.0453069889184
23.8521526632657	-27.0398581023665
-12.5604338334973	-70.3387170658626
-3.5376230771543	32.2552847233831
-27.4681247144893	7.63449864845063
-2.56175504093327	18.115900113846
17.6061085122406	-60.9183772216534
27.1762767826127	-15.6692212224701
-3.82572762462733	37.1461738833351
0.314390989868144	-16.1891855690147
-4.94556869614808	-13.5992407581445
24.1686760349846	37.5632155098299
-21.4659676491344	-9.20113721818735
3.19121592709157	14.1071790354884
22.9462675203127	18.9822182869631
17.2991852267325	22.0423522678196
15.64270912469	-19.2960891547633
12.1951812452196	48.3924540993237
-3.1024579935913	28.6619439573888
7.76564182128755	15.3097289723469
-29.8444676124931	-66.2734437002763
37.9346841382768	11.61306652824
9.72578036359302	19.3627602134355
10.1621856429593	-18.1397901077113
9.26768495764514	12.4093351470481
2.06848302868937	21.2889145741761
-6.25346716051969	-75.53602712264
-11.6267563206949	0.947304359179116
20.1169534907627	-23.5670750018927
-10.1557592646922	1.12289378125956
7.90080692870308	36.4403665684531
11.1960178831222	-66.2639588150611
11.0079246653244	17.4815360396445
19.9038991140617	36.7286505296997
30.8465537266875	28.7600234120048
24.9201982665623	-18.5688955622518
28.8700225143335	6.57881684778448
-11.0401283719787	13.6379639961496
-16.6246743074885	22.1538157217841
8.29983212236419	-69.8058901436271
23.9874302691403	29.0179169044013
-9.67171700222168	26.1193076532199
-28.1144958423666	1.65981278650906
-2.57459169943821	31.735425948251
-4.54551775089175	27.1620134437234
21.2176604589667	-4.22958930568496
-1.10808473101715	-17.4678127095934
33.2108815635811	5.15906176286439
-0.498134732609352	57.4951892740755
-13.8371316127109	21.4302281253077
-33.0014677344108	-6.57581115856552
15.0404832385246	-11.6736417922212
-12.4797058355436	34.1425836758316
1.20053800747343	36.8449920946939
6.80583473892641	11.0893178047421
18.2335564562068	-59.6298476156291
10.7161357923484	26.5914593167184
16.9795407300644	-14.2123833905708
-20.0879095914702	-8.14591958131732
4.3808828064747	31.469165266378
-8.53178363848195	0.935582816704637
2.52348787673387	-75.9804516739422
5.68552333843372	-25.0181410077483
19.1527466148142	35.8413282355597
11.0975650395888	19.8337718933394
23.3341495672674	-18.9520428397149
-18.6863324366005	-9.97125930185229
-17.5687282469934	-73.465592280525
-1.59431375241056	27.8425840188826
-32.935363287781	-4.9220410806026
17.8413373117897	-21.2529668152368
9.29461626679798	8.59108092945098
16.7523236840731	-25.4503471031292
-5.44686819702764	24.3713175822513
11.1357697103277	-15.6106605482101
16.1152298741212	-17.8900443969854
-0.627610723798548	30.3622103512558
-9.81557503929882	13.6512741911104
0.00583896314587278	-77.0238662949295
13.5968594086034	28.3715808382983
-32.1696416401988	-5.69932805835487
-3.28456992094563	-26.8433668347368
6.00913199571365	28.5706056265736
-18.0601123708196	-7.91953627073662
-22.4791034009274	-6.03490988735499
-33.3341304048833	-66.5593051634051
-43.8916073225523	1.05550377456916
-32.7675317456573	-4.29374118793514
-24.9470140401162	-15.6437073598489
6.03112041989669	30.6158357686388
40.3683729613477	32.8193879929941
-26.7266736827637	15.4367802897994
21.8464651642969	33.4153980230544
16.3775207833655	-30.8966514960487
29.737395203508	31.4986069290415
10.7636417550571	29.3573198894213
-1.59151847439205	26.1492180066941
17.4887536299237	30.4795467881458
20.8647044995799	-26.6476574846594
-12.0527767186889	-83.6998884806244
-24.7192861406812	-16.3748186813238
3.44693420329898	38.3111076520958
21.4937420665416	0.485928452185541
9.09228276693542	24.0703929647043
-5.01251507657432	32.1977402830526
19.7188195333092	-23.7391936637911
36.2195772230639	-48.8417544099264
-24.2786639301183	-16.0039514468714
-6.19148076312433	0.925558605393944
20.9395060100051	-17.9917892657836
45.8504609234323	23.7414652407646
6.04929494138758	32.5966271751119
-11.1909232902306	25.8762764142072
5.45183902813803	37.8858488876321
14.5198986191128	31.8746567126576
31.9710768554794	-48.2716524504247
12.6006444051846	44.1213004931547
34.1183365624018	6.87392633550341
26.9277053931351	29.3097298844921
16.627567003709	-70.7795451259713
-4.81170853743359	34.1998720156324
-3.71410426189514	-12.9898577534242
21.212920584981	-12.1434286317966
-18.2973785449799	24.2573673487974
9.12744668795861	22.3247770668052
20.7034412435251	-22.8320126066
31.7735720419561	-46.9351769491626
-22.6064547518708	-68.3299845438461
17.1527945321535	-67.3813623879807
17.8905016124815	15.0255034145924
29.6159637254499	23.9582198935338
13.8467076334255	-62.1623282114668
-16.6345486676676	-9.25114040411202
-17.6684349729465	-5.18921811862064
30.1911790529925	-1.49681912354663
31.2858151884894	-44.2000304670752
-25.0078182793339	-0.751735022419065
8.26976832047908	-27.9533656417123
-17.3939104027107	26.0879548471784
18.6715428448588	46.1892323963061
6.80410083981032	41.6439094797981
-5.23045609606312	35.7511160506566
-17.6560052915302	-3.7973140283326
